import numpy as np
class Andrews:

    def __init__(self):
        self.params = [0.9282, 0.6492, -0.1123, -42.293]
        self.bse = [0.1061, 0.2894, 0.1229, 9.3561]
        self.scale = 2.2801
        self.df_model = 3.0
        self.df_resid = 17.0
        self.resid = [2.503338458, -2.608934536, 3.5548678338, 6.9333705014, -1.768179527, -2.417404513, -1.392991531, -0.392991531, -1.704759385, -0.244545418, 0.7659115325, 0.3028635237, -3.019999429, -1.434221475, 2.1912017882, 0.8543828047, -0.366664104, 0.4192468573, 0.8822948661, 1.5378731634, -10.44592783]
        self.sresids = [1.0979293816, -1.144242351, 1.5591155202, 3.040879735, -0.775498914, -1.06023995, -0.610946684, -0.172360612, -0.747683723, -0.107254214, 0.3359181307, 0.1328317233, -1.324529688, -0.629029563, 0.9610305856, 0.3747203984, -0.160813769, 0.1838758324, 0.3869622398, 0.6744897502, -4.581438458]
        self.weights = [0.8916509101, 0.8826581922, 0.7888664106, 0.3367252734, 0.9450252405, 0.8987321912, 0.9656622, 0.9972406688, 0.948837669, 0.9989310017, 0.9895434667, 0.998360628, 0.8447116551, 0.9636222149, 0.916330067, 0.9869982597, 0.9975977354, 0.9968600162, 0.9861384742, 0.9582432444, 0]

    def conf_int(self):
        return [(0.7203, 1.136), (0.0819, 1.2165), (-0.3532, 0.1287), (-60.6305, -23.9555)]
    andrews_h1 = [87.5357, 0.177891, -0.40318, -1.03691, 0.177891, 0.01125, -0.02258, -0.00442, -0.40318, -0.02258, 0.083779, 6.481e-06, -1.03691, -0.00442, 6.481e-06, 0.01511]
    h1 = _shift_intercept(andrews_h1)
    andrews_h2 = [66.50472, 0.10489, -0.3246, -0.76664, 0.10489, 0.012786, -0.02651, -0.0036, -0.3246, -0.02651, 0.09406, -0.00065, -0.76664, -0.0036, -0.00065, 0.011567]
    h2 = _shift_intercept(andrews_h2)
    andrews_h3 = [48.62157, 0.034949, -0.24633, -0.53394, 0.034949, 0.014088, -0.02956, -0.00287, -0.24633, -0.02956, 0.100628, -0.00104, -0.53394, -0.00287, -0.00104, 0.008441]
    h3 = _shift_intercept(andrews_h3)