import os
from numpy import genfromtxt
class Y_arma50c:

    def __init__(self, method='mle'):
        if method == 'mle':
            self.params = [4.562207236168, 0.754284447885, -0.305849188005, 0.253824706641, 0.281161230244, -0.172263847479]
            self.aic = 711.817562780112
            self.bic = 736.467789205148
            self.arroots = [-1.6535 + 0j, 0.0129 - 1.2018j, 0.0129 + 1.2018j, 1.1546 + 0j, 2.1052 + 0j]
            self.maroots = None
            self.bse = [0.318447388812, 0.062272737541, 0.076600312879, 0.077310728819, 0.076837326995, 0.062642955733]
            self.cov_params = [[0.10141, -6.693e-05, -7.3157e-05, -4.4815e-05, 7.7676e-05, -0.0001317], [-6.693e-05, 0.0038779, -0.0028465, 0.001377, -0.0012194, -0.00058978], [-7.3157e-05, -0.0028465, 0.0058676, -0.0040145, 0.0024694, -0.0012307], [-4.4815e-05, 0.001377, -0.0040145, 0.0059769, -0.0040413, 0.0013481], [7.7676e-05, -0.0012194, 0.0024694, -0.0040413, 0.005904, -0.0028575], [-0.0001317, -0.00058978, -0.0012307, 0.0013481, -0.0028575, 0.0039241]]
            self.hqic = 721.738557560396
            self.llf = -348.908781390056
            self.resid = residsc_mle[:, 4]
            self.fittedvalues = yhatc_mle[:, 4]
            self.pvalues = [1.5e-46, 9.06e-34, 6.53e-05, 0.001, 0.0003, 0.006]
            self.tvalues = [14.33, 12.11, -3.993, 3.283, 3.659, -2.75]
            self.sigma2 = 0.973930886014 ** 2
            self.forecast = forecast_results['fc50c']
            self.forecasterr = forecast_results['fe50c']
        elif method == 'css':
            self.params = [4.593494860193, 0.75542740263, -0.296867127441, 0.253556723526, 0.276987447724, -0.17264799347]
            self.aic = 696.8434
            self.bic = 721.3522
            self.arroots = [-1.6539 + 0j, 0.0091 - 1.2069j, 0.0091 + 1.2069j, 1.1508 + 0j, 2.0892 + 0j]
            self.maroots = None
            self.bse = [0.3359627893565, 0.0621593755265, 0.0764672280408, 0.077171511787, 0.0764444608104, 0.0621813373935]
            self.cov_params = [[0.112870995832, 4.32810158586e-05, -1.89697385245e-05, 4.65331836881e-05, -2.4151327384e-05, 0.000109807500875], [4.32810158586e-05, 0.00386378796585, -0.00282098637123, 0.001360256141301, -0.001199382243647, -0.000600542191229], [-1.89697385245e-05, -0.00282098637123, 0.00584723696424, -0.004009391809667, 0.002441359768335, -0.001203154760767], [4.6533183688e-05, 0.0013602561413, -0.00400939180967, 0.005955442231484, -0.00400830729582, 0.001357917028471], [-2.4151327384e-05, -0.00119938224365, 0.00244135976834, -0.00400830729582, 0.005843755588588, -0.002818181279545], [0.000109807500875, -0.000600542191229, -0.00120315476077, 0.001357917028471, -0.002818181279545, 0.003866518720043]]
            self.hqic = 706.7131
            self.llf = -341.421689423809
            self.resid = residsc_css[5:, 4]
            self.fittedvalues = yhatc_css[5:, 4]
            self.pvalues = [0.0004, 1.45e-32, 0.0001, 0.0013, 0.0004, 0.0066]
            self.tvalues = [13.67262984389, 12.15307258528, -3.88227918086, 3.28562597329, 3.62338153462, -2.77652428699]
            self.sigma2 = 0.974939 ** 2