import os
from numpy import genfromtxt
class Y_arma14c:

    def __init__(self, method='mle'):
        if method == 'mle':
            self.params = [4.773779823083, 0.591149657917, 0.322267595204, -0.702933089342, 0.116129490967, 0.323009574097]
            self.aic = 720.814886758937
            self.bic = 745.465113183973
            self.arroots = [1.6916 + 0j]
            self.maroots = [1.1071 - 0.7821j, 1.1071 + 0.7821j, -1.2868 - 0.1705j, -1.2868 + 0.1705j]
            self.bse = [0.160891073193, 0.151756542096, 0.15299685233, 0.140231020145, 0.064663675882, 0.06504546801]
            self.cov_params = [[0.025886, 0.00026606, -0.00020969, -0.00021435, 4.2558e-05, 5.2904e-05], [0.00026606, 0.02303, -0.021269, -0.018787, 0.0015423, 0.0011363], [-0.00020969, -0.021269, 0.023408, 0.018469, -0.0035048, -0.001075], [-0.00021435, -0.018787, 0.018469, 0.019665, -0.00085717, -0.003384], [4.2558e-05, 0.0015423, -0.0035048, -0.00085717, 0.0041814, 0.0014543], [5.2904e-05, 0.0011363, -0.001075, -0.003384, 0.0014543, 0.0042309]]
            self.hqic = 730.735881539221
            self.llf = -353.407443379469
            self.resid = residsc_mle[:, 1]
            self.fittedvalues = yhatc_mle[:, 1]
            self.pvalues = [1.82e-193, 9.8e-05, 0.0352, 5.37e-07, 0.0725, 6.84e-07]
            self.tvalues = [29.67, 3.895, 2.106, -5.013, 1.796, 4.966]
            self.sigma2 = 0.990262659233 ** 2
        elif method == 'css':
            self.params = [4.740785760452, 0.683056278882, 0.197681128402, -0.763804443884, 0.136991271488, 0.304776424257]
            self.aic = 719.977407193363
            self.bic = 744.599577468616
            self.arroots = [1.4639 + 0j]
            self.maroots = [1.1306 - 0.7071j, 1.1306 + 0.7071j, -1.3554 - 0.0896j, -1.3554 + 0.0896j]
            self.bse = [0.1750455599911, 0.094234185482, 0.0999988749541, 0.0929630759694, 0.0628352649371, 0.0645444272345]
            self.cov_params = [[0.030640948072601, -0.00161599091345, 0.00170708451595, 0.001163372764659, -0.000178587340563, 0.000116062673743], [-0.001615990913449, 0.00888008171345, -0.007454252059003, -0.006468410832237, 5.66645379098e-05, -0.000381880917361], [0.00170708451595, -0.007454252059, 0.009999774992092, 0.00586001305122, -0.002277261972, 0.000757683049669], [0.001163372764659, -0.00646841083224, 0.00586001305122, 0.008642133493695, 0.000440550745987, -0.00217070620832], [-0.000178587340563, 5.66645379098e-05, -0.002277261972002, 0.000440550745987, 0.00394827051971, 0.00088417112009], [0.000116062673743, -0.000381880917361, 0.000757683049669, -0.00217070620832, 0.00088417112009, 0.004165983087027]]
            self.hqic = 729.888235701317
            self.llf = -352.988703596681
            self.resid = residsc_css[1:, 1]
            self.fittedvalues = yhatc_css[1:, 1]
            self.pvalues = [0.005, 8.31e-10, 0.0991, 6.64e-12, 0.0528, 8.09e-07]
            self.tvalues = [27.08315344127, 7.24849772286, 1.9768335243, -8.21621311385, 2.18016541548, 4.72196341831]
            self.sigma2 = 0.998687642867 ** 2