import numpy as np
class HampelHuber:

    def __init__(self):
        self.h1 = [147.4727, 0.299695, -0.67924, -1.7469, 0.299695, 0.018952, -0.03805, -0.00744, -0.67924, -0.03805, 0.141144, 1.1e-05, -1.7469, -0.00744, 1.1e-05, 0.025456]
        self.h1 = _shift_intercept(self.h1)
        self.h2 = [141.148, 0.190007, -0.38493, -1.67206, 0.190007, 0.02213, -0.04762, -0.00592, -0.38493, -0.04762, 0.165518, -0.00303, -1.67206, -0.00592, -0.00303, 0.024301]
        self.h2 = _shift_intercept(self.h2)
        self.h3 = [134.5444, 0.05645, -0.02552, -1.59394, 0.05645, 0.026232, -0.05982, -0.00409, -0.02552, -0.05982, 0.196946, -0.0068, -1.59394, -0.00409, -0.0068, 0.023083]
        self.h3 = _shift_intercept(self.h3)
        self.resid = [3.125725599, -2.022218392, 4.434082972, 5.753880172, -1.744479058, -2.995299443, -2.358455878, -1.358455878, -3.068281354, 1.150212629, 2.481708553, 2.584584946, -1.553899388, -0.177335865, 2.335744732, 0.891912757, -1.43012351, -0.394515569, -0.497391962, 1.407968887, -7.505098501]
        self.sresids = [0.952186413, -0.616026205, 1.350749906, 1.752798302, -0.531418771, -0.912454834, -0.718453867, -0.413824947, -0.934687235, 0.350388031, 0.756000196, 0.787339321, -0.473362692, -0.054021633, 0.711535395, 0.27170242, -0.43565698, -0.120180852, -0.151519976, 0.428908041, -2.28627005]
        self.weights = [1, 1, 1, 1, 1, 1, 1, 1, 1, 1, 1, 1, 1, 1, 1, 1, 1, 1, 1, 1, 0.874787298]
        self.params = (0.7318, 1.2508, -0.1479, -40.2712)
        self.bse = (0.1377, 0.3757, 0.1596, 12.1438)
        self.scale = 3.2827
        self.df_model = 3
        self.df_resid = 17

    def conf_int(self):
        return [(0.4619, 1.0016), (0.5145, 1.9872), (-0.4607, 0.1648), (-64.0727, -16.4697)]