import numpy as np
class HuberHuber:

    def __init__(self):
        self.h1 = [114.4936, 0.232675, -0.52734, -1.35624, 0.232675, 0.014714, -0.02954, -0.00578, -0.52734, -0.02954, 0.10958, 8.476e-06, -1.35624, -0.00578, 8.476e-06, 0.019764]
        self.h1 = _shift_intercept(self.h1)
        self.h2 = [103.2876, 0.152602, -0.33476, -1.22084, 0.152602, 0.016904, -0.03766, -0.00434, -0.33476, -0.03766, 0.132043, -0.00214, -1.22084, -0.00434, -0.00214, 0.017739]
        self.h2 = _shift_intercept(self.h2)
        self.h3 = [91.7544, 0.064027, -0.11379, -1.08249, 0.064027, 0.019509, -0.04702, -0.00278, -0.11379, -0.04702, 0.157872, -0.00462, -1.08249, -0.00278, -0.00462, 0.015677]
        self.h3 = _shift_intercept(self.h3)
        self.resid = [2.909155172, -2.225912162, 4.134132661, 6.163172632, -1.741815737, -2.789321552, -2.02642336, -1.02642336, -2.593402734, 0.698655, 1.914261011, 1.826699492, -2.031210331, -0.592975466, 2.306098648, 0.900896645, -1.037551854, -0.092080512, -0.004518993, 1.471737448, -8.498372406]
        self.sresids = [0.883018497, -0.675633129, 1.25483702, 1.870713355, -0.528694904, -0.84664529, -0.615082113, -0.311551209, -0.787177874, 0.212063383, 0.581037374, 0.554459746, -0.616535106, -0.179986379, 0.699972205, 0.273449972, -0.314929051, -0.027949281, -0.001371654, 0.446717797, -2.579518651]
        self.weights = [1, 1, 1, 0.718977066, 1, 1, 1, 1, 1, 1, 1, 1, 1, 1, 1, 1, 1, 1, 1, 1, 0.52141511]
        self.params = (0.799, 1.0475, -0.1351, -41.0892)
        self.bse = (0.1213, 0.331, 0.1406, 10.7002)
        self.scale = 3.2946
        self.df_model = 3
        self.df_resid = 17

    def conf_int(self):
        return [(0.5612, 1.0367), (0.3987, 1.6963), (-0.4106, 0.1405), (-62.0611, -20.1172)]