import time
import unittest
import numpy
from scipy.optimize import linear_sum_assignment
from rdkit import Chem, DataStructs
from rdkit.Chem import AllChem, rdmolops
from rdkit.Chem.Fingerprints import FingerprintMols
class TestAtomAtomPathSimilarity(unittest.TestCase):

    def test_paper(self):
        self.assertEqual('%.3f' % test0(), '0.066')

    def test_getcommon(self):
        self.assertEqual(getcommon([2, 2, 2, 3, 3, 3], 6, [1, 2, 3, 3, 4, 5], 6), 3)

    def test_pathintegers(self):
        self.assertEqual(test1(), [{0: []}, {0: [1160, 2270], 1: [2260, 30692], 2: [1145, 33761]}, {0: [752, 1150, 1155, 3826, 38221, 43791], 1: [1145, 1150, 1596, 4670, 32641, 38211], 2: [1145, 1155, 5785, 32646, 43786, 65173]}])

    def test_AAPathComparator2Test(self):
        self.assertEqual(test2(), ['1.0000', '0.0000', '0.0000', '0.0000', '0.0000', '0.0000', '0.0000', '0.0000', '0.0000', '0.0000', '0.0000', '1.0000', '0.0000', '0.0345', '0.0182', '0.0000', '0.0000', '0.0000', '0.0017', '0.0000', '0.0000', '0.0000', '1.0000', '0.0000', '0.0182', '0.0000', '0.0000', '0.0000', '0.0020', '0.0000', '0.0000', '0.0345', '0.0000', '1.0000', '0.1126', '0.0000', '0.0000', '0.0000', '0.0088', '0.0000', '0.0000', '0.0182', '0.0182', '0.1126', '1.0000', '0.0000', '0.0000', '0.0000', '0.0336', '0.0000', '0.0000', '0.0000', '0.0000', '0.0000', '0.0000', '1.0000', '0.0373', '0.0645', '0.0148', '0.0869', '0.0000', '0.0000', '0.0000', '0.0000', '0.0000', '0.0373', '1.0000', '0.1101', '0.1767', '0.0869', '0.0000', '0.0000', '0.0000', '0.0000', '0.0000', '0.0645', '0.1101', '1.0000', '0.0387', '0.0219', '0.0000', '0.0017', '0.0020', '0.0088', '0.0336', '0.0148', '0.1767', '0.0387', '1.0000', '0.0869', '0.0000', '0.0000', '0.0000', '0.0000', '0.0000', '0.0869', '0.0869', '0.0219', '0.0869', '1.0000'])

    def test_tableS1(self):
        self.assertEqual(test3(), ['1.00', '0.19', '0.06', '0.09', '0.19', '1.00', '0.12', '0.05', '0.06', '0.12', '1.00', '0.15', '0.09', '0.05', '0.15', '1.00'])