import numpy as np
class AndrewsHuber:

    def __init__(self):
        self.h1 = [129.9124, 0.264009, -0.59836, -1.53888, 0.264009, 0.016696, -0.03352, -0.00656, -0.59836, -0.03352, 0.124337, 9.618e-06, -1.53888, -0.00656, 9.618e-06, 0.022425]
        self.h1 = _shift_intercept(self.h1)
        self.h2 = [109.7595, 0.105022, -0.26535, -1.28332, 0.105022, 0.021321, -0.04664, -0.00456, -0.26535, -0.04664, 0.157885, -0.00321, -1.28332, -0.00456, -0.00321, 0.018895]
        self.h2 = _shift_intercept(self.h2)
        self.h3 = [91.82518, -0.08649, 0.155965, -1.05238, -0.08649, 0.027785, -0.06427, -0.0023, 0.155965, -0.06427, 0.201544, -0.00693, -1.05238, -0.0023, -0.00693, 0.015596]
        self.h3 = _shift_intercept(self.h3)
        self.resid = [3.040515104, -2.093093543, 4.235081748, 6.188729166, -1.714119676, -2.762695255, -2.009618953, -1.009618953, -2.591649784, 0.715967584, 1.918445405, 1.833412337, -2.016815123, -0.595695587, 2.260536347, 0.859710406, -1.059386228, -0.1241257, -0.039092633, 1.471556455, -8.424624872]
        self.sresids = [0.919639919, -0.633081011, 1.280950793, 1.871854667, -0.518455862, -0.835610004, -0.607833129, -0.305371248, -0.783875269, 0.216552902, 0.580256606, 0.554537345, -0.610009696, -0.180175208, 0.683726076, 0.260029627, -0.320423952, -0.037543293, -0.011824031, 0.445089734, -2.548127888]
        self.weights = [0.923215335, 0.963157359, 0.854300342, 0.704674258, 0.975199805, 0.936344742, 0.9660077, 0.991354016, 0.943851708, 0.995646409, 0.968993767, 0.971658421, 0.965766352, 0.99698502, 0.957106815, 0.993726436, 0.990483134, 0.999868981, 0.999987004, 0.981686004, 0.496752113]
        self.params = (0.7928, 1.0486, -0.1336, -40.8818)
        self.bse = (0.1292, 0.3526, 0.1498, 11.3979)
        self.scale = 3.3062
        self.df_model = 3
        self.df_resid = 17

    def conf_int(self):
        return [(0.5395, 1.046), (0.3575, 1.7397), (-0.4271, 0.1599), (-63.2213, -18.5423)]