import numpy as np
class BiSquare:

    def __init__(self):
        self.params = np.array([0.9275471, 0.65073222, -0.11233103, -42.28525369])
        self.bse = np.array([0.10805398, 0.29487634, 0.12522928, 9.5315672])
        self.scale = 2.2818858795649497
        self.weights = np.array([0.89283149, 0.88496132, 0.79040651, 0.3358111, 0.94617358, 0.90040725, 0.96630596, 0.99729171, 0.94968061, 0.99900087, 0.98959903, 0.99831448, 0.84731833, 0.96455873, 0.91767906, 0.98724523, 0.99762848, 0.99694419, 0.98650731, 0.95897484, 0.00222999])
        self.resid = np.array([2.50917802, -2.60315301, 3.56070896, 6.93256033, -1.76597524, -2.41670746, -1.39345348, -0.39345348, -1.70651907, -0.23917521, 0.77180408, 0.31020526, -3.01451315, -1.42960401, 2.19218084, 0.85518774, -0.36817892, 0.4181383, 0.87973712, 1.53911661, -10.43556344])
        self.df_model = 3
        self.df_resid = 17
        self.bcov_unscaled = np.array([[0.00172887367, -0.00347079127, -0.000679080082, 0.0273387119], [-0.00347079127, 0.0128754242, 9.95952051e-07, -0.0619611175], [-0.000679080082, 9.95952051e-07, 0.00232216722, -0.159355028], [0.0273387119, -0.0619611175, -0.159355028, 13.4527267]])
        self.fittedvalues = np.array([39.49082198, 39.60315301, 33.43929104, 21.06743967, 19.76597524, 20.41670746, 20.39345348, 20.39345348, 16.70651907, 14.23917521, 13.22819592, 12.68979474, 14.01451315, 13.42960401, 5.80781916, 6.14481226, 8.36817892, 7.5818617, 8.12026288, 13.46088339, 25.43556344])
        self.tvalues = np.array([8.58410823, 2.20679698, -0.8970029, -4.43633799])
    bisquare_h1 = [90.3354, 0.18358, -0.41607, -1.07007, 0.1836, 0.01161, -0.02331, -0.00456, -0.4161, -0.02331, 0.08646, 1e-05, -1.0701, -0.00456, 1e-05, 0.01559]
    h1 = _shift_intercept(bisquare_h1)
    bisquare_h2 = [67.82521, 0.091288, -0.29038, -0.78124, 0.091288, 0.013849, -0.02914, -0.00352, -0.29038, -0.02914, 0.101088, -0.001, -0.78124, -0.00352, -0.001, 0.011766]
    h2 = _shift_intercept(bisquare_h2)
    bisquare_h3 = [48.8983, 0.000442, -0.15919, -0.53523, 0.000442, 0.016113, -0.03461, -0.00259, -0.15919, -0.03461, 0.112728, -0.00164, -0.53523, -0.00259, -0.00164, 0.008414]
    h3 = _shift_intercept(bisquare_h3)